cons	==1	1520 (100.0)	23153 (100.0)	9605 (100.0)	113757 (100.0)	1154 (100.0)	14904 (100.0)

agegroup	==1	393 (25.9)	1642 (7.1)	2384 (24.8)	7791 (6.8)	404 (35.0)	1620 (10.9)
agegroup	==2	252 (16.6)	2504 (10.8)	1543 (16.1)	12237 (10.8)	136 (11.8)	1326 (8.9)
agegroup	==3	321 (21.1)	4358 (18.8)	1995 (20.8)	21400 (18.8)	155 (13.4)	1971 (13.2)
agegroup	==4	203 (13.4)	4399 (19.0)	1382 (14.4)	21628 (19.0)	133 (11.5)	2520 (16.9)
agegroup	==5	154 (10.1)	4880 (21.1)	991 (10.3)	24179 (21.3)	126 (10.9)	3366 (22.6)
agegroup	==6	197 (13.0)	5370 (23.2)	1310 (13.6)	26522 (23.3)	200 (17.3)	4101 (27.5)
age	median-iqr	 53 (39-67)	 66 (54-79)	 54 (40-69)	 67 (54-79)	 53 (32-72)	 70 (54-81)

male	==1	835 (54.9)	12898 (55.7)	6509 (67.8)	62153 (54.6)	593 (51.4)	6504 (43.6)
male	==0	685 (45.1)	10255 (44.3)	3096 (32.2)	51604 (45.4)	561 (48.6)	8400 (56.4)

imd	==1	271 (17.8)	4351 (18.8)	1647 (17.1)	23781 (20.9)	214 (18.5)	3068 (20.6)
imd	==2	290 (19.1)	4453 (19.2)	1811 (18.9)	23448 (20.6)	221 (19.2)	3030 (20.3)
imd	==3	271 (17.8)	4407 (19.0)	1821 (19.0)	21682 (19.1)	239 (20.7)	3033 (20.4)
imd	==4	331 (21.8)	4852 (21.0)	2016 (21.0)	22206 (19.5)	217 (18.8)	2916 (19.6)
imd	==5	357 (23.5)	5090 (22.0)	2310 (24.0)	22640 (19.9)	263 (22.8)	2857 (19.2)

