cons	==1	15904 (100.0)	16225 (100.0)	79302 (100.0)

agegroup	==1	1336 (8.4)	2024 (12.5)	6680 (8.4)
agegroup	==2	1778 (11.2)	1465 (9.0)	8890 (11.2)
agegroup	==3	2956 (18.6)	2132 (13.1)	14780 (18.6)
agegroup	==4	2898 (18.2)	2676 (16.5)	14465 (18.2)
agegroup	==5	3137 (19.7)	3540 (21.8)	15635 (19.7)
agegroup	==6	3799 (23.9)	4388 (27.0)	18852 (23.8)
age	median-iqr	 66 (53-79)	  . (.-.)	  . (.-.)	
male	==1	8838 (55.6)	7194 (44.3)	44052 (55.5)
male	==0	7066 (44.4)	9031 (55.7)	35250 (44.5)

obese4cat	==1	9478 (59.6)	11292 (69.6)	59711 (75.3)
obese4cat	==2	3624 (22.8)	2892 (17.8)	13336 (16.8)
obese4cat	==3	1718 (10.8)	1291 (8.0)	4385 (5.5)
obese4cat	==4	1084 (6.8)	750 (4.6)	1870 (2.4)

smoke_nomiss	==1	6867 (43.2)	5880 (36.2)	35311 (44.5)
smoke_nomiss	==2	7864 (49.4)	7452 (45.9)	33464 (42.2)
smoke_nomiss	==3	1173 (7.4)	2893 (17.8)	10527 (13.3)

ethnicity	==1	9400 (59.1)	10326 (63.6)	51180 (64.5)
ethnicity	==2	190 (1.2)	98 (0.6)	566 (0.7)
ethnicity	==3	1986 (12.5)	1091 (6.7)	4561 (5.8)
ethnicity	==4	648 (4.1)	219 (1.3)	1528 (1.9)
ethnicity	==5	332 (2.1)	165 (1.0)	1089 (1.4)
ethnicity	>=.	3348 (21.1)	4326 (26.7)	20378 (25.7)

imd	==1	3066 (19.3)	3302 (20.4)	16391 (20.7)
imd	==2	3254 (20.5)	3302 (20.4)	16157 (20.4)
imd	==3	3270 (20.6)	3254 (20.1)	15577 (19.6)
imd	==4	3177 (20.0)	3218 (19.8)	15600 (19.7)
imd	==5	3137 (19.7)	3149 (19.4)	15577 (19.6)


hypertension	==1	7822 (49.2)	7665 (47.2)	31653 (39.9)
chronic_respiratory_disease	==1	2457 (15.4)	3649 (22.5)	6257 (7.9)
asthmacat	==2	2337 (14.7)	2882 (17.8)	9324 (11.8)
asthmacat	==3	827 (5.2)	1231 (7.6)	1516 (1.9)
chronic_cardiac_disease	==1	3571 (22.5)	4009 (24.7)	12040 (15.2)
diabcat	==2	3070 (19.3)	2463 (15.2)	9647 (12.2)
diabcat	==3	1990 (12.5)	1461 (9.0)	3526 (4.4)
diabcat	==4	248 (1.6)	220 (1.4)	775 (1.0)

cancer_exhaem_cat	==2	296 (1.9)	317 (2.0)	699 (0.9)
cancer_exhaem_cat	==3	457 (2.9)	545 (3.4)	1894 (2.4)
cancer_exhaem_cat	==4	1052 (6.6)	1179 (7.3)	4718 (5.9)

cancer_haem_cat	==2	42 (0.3)	112 (0.7)	71 (0.1)
cancer_haem_cat	==3	116 (0.7)	240 (1.5)	204 (0.3)
cancer_haem_cat	==4	160 (1.0)	301 (1.9)	449 (0.6)

reduced_kidney_function_cat2	==2	2890 (18.2)	3357 (20.7)	11903 (15.0)
reduced_kidney_function_cat2	==3	318 (2.0)	361 (2.2)	860 (1.1)
reduced_kidney_function_cat2	==4	315 (2.0)	352 (2.2)	227 (0.3)
chronic_liver_disease	==1	278 (1.7)	227 (1.4)	589 (0.7)
stroke	==1	1134 (7.1)	1219 (7.5)	2934 (3.7)
dementia	==1	346 (2.2)	273 (1.7)	608 (0.8)
other_neuro	==1	596 (3.7)	588 (3.6)	1160 (1.5)
organ_transplant	==1	110 (0.7)	192 (1.2)	106 (0.1)
spleen	==1	73 (0.5)	78 (0.5)	168 (0.2)
ra_sle_psoriasis	==1	1371 (8.6)	1425 (8.8)	4987 (6.3)
other_immunosuppression	==1	53 (0.3)	110 (0.7)	221 (0.3)


*missing BMI included in 'not obese' (unexposed group: 11706, exposed group: 978;missing smoking included in 'never smoker' (unexposed group: 11706, exposed group: 978)